id;limitStudents;piso;x;y;
101;15;1;400;40;
102;20;1;350;40;
103;25;1;300;40;
104;10;1;250;40;
105;9;1;200;40;
106;8;1;120;40;
107;10;1;200;180
108;12;1;250;160;
109;15;1;300;160;
110;15;1;350;160;
111;45;1;400;160;
10;10;1;160;180;
A2;50;1;400;100;
14;5;2;100;20;
15;5;2;400;45;
16;5;2;400;70;
17;5;2;400;95;
18;5;2;400;120;
19;5;2;400;145;
20;5;2;425;160;
201;25;2;400;20;
202;30;2;350;20;
203;30;2;300;20;
204;30;2;250;20;
205;25;2;200;20;
206;30;2;150;20;
207;20;2;150;180;
208;20;2;200;180;
209;20;2;250;180;
210;20;2;300;180;
211;20;2;350;180;
212;20;2;400;180;
31;5;3;400;20;
32;5;3;400;45;
33;5;3;400;70;
34;5;3;400;95
35;5;3;400;120
36;5;3;400;145
37;5;3;400;160
38;5;3;400;180
SPG;20;3;100;70;Sala de Pós-Graduação
SRDF;10;3;350;180;Sala de Reuniões das Direções de Faculdade
SDF;5;3;100;20;Secretariado das Faculdades
SIUFP;10;3;300;180;Sistemas de Informação
301;20;3;150;20
302;20;3;200;20
303;20;3;250;20
304;20;3;300;20
305;20;3;350;20
306;20;3;250;180
307;15;3;200;180
308;20;3;150;180
309;25;3;100;180